"A.alpina_cv.Pajares" "A.arabicum" "A.lyrata_cv.MN47" "A.thaliana" "B.carinata_cv.zd-1" "B.juncea_cv.AU213" "B.juncea_cv.T84-66" "B.napus_cv.ZS11" "B.nigra_cv.NI100" "B.nigra_cv.Sangam" "B.oleracea_cv.HDEM" "B.oleracea_cv.JZS" "B.rapa_cv.Chiifu" "B.rapa_cv.FPsc" "B.retrofracta" "B.stricta" "C.grandiflora" "C.hirsuta" "C.rubella_cv.MonteGargano" "C.sativa_cv.DH55" "E.salsugineum" "R.raphanistrum_ssp.landra" "R.raphanistrum_ssp.raphanistrum" "R.sativus_cv.XYB36-2" "S.parvula" "V.vinifera_cv.PN40024"
"AP2" 18 20 19 18 46 59 60 62 34 30 27 32 29 27 18 18 18 18 18 77 18 29 31 29 17 19
"ARF" 10 15 20 22 66 77 79 67 38 24 34 33 36 32 19 19 16 16 19 47 18 35 32 27 21 17
"ARR-B" 10 14 11 14 42 43 44 43 22 23 24 22 20 21 14 13 13 12 15 41 18 23 21 23 13 12
"B3" 60 73 72 68 256 261 245 257 164 136 101 142 101 120 68 62 64 70 72 192 67 120 115 113 54 29
"BBR-BPC" 1 6 7 7 22 25 26 25 13 14 12 13 13 12 7 7 6 7 6 23 7 8 6 10 7 5
"BES1" 6 9 9 8 30 31 31 28 16 16 13 14 15 16 8 8 8 8 8 31 8 14 15 11 10 6
"bHLH" 111 144 159 153 539 572 574 585 288 281 280 290 266 273 156 156 147 148 153 445 151 261 245 245 151 115
"bZIP" 41 60 79 73 240 271 277 258 140 141 134 144 134 114 76 71 73 71 73 213 74 107 97 117 76 47
"C2H2" 73 72 106 100 366 402 399 411 201 195 194 203 189 185 99 100 102 100 104 282 100 76 91 180 97 64
"C3H" 32 45 57 49 133 167 167 166 86 75 82 84 82 75 55 51 49 49 53 159 49 75 72 75 48 43
"CAMTA" 7 6 6 6 13 21 22 24 12 9 10 14 12 9 6 6 6 6 6 20 6 11 10 7 6 4
"CO-like" 13 13 18 17 43 52 53 51 22 21 27 26 26 24 18 16 16 15 16 50 13 24 21 17 15 6
"CPP" 11 11 8 8 27 34 33 33 16 15 17 17 17 15 11 8 8 10 8 23 8 17 17 16 7 6
"DBB" 7 6 7 8 31 31 33 37 16 18 16 15 14 17 9 9 8 9 8 23 9 19 17 13 8 7
"Dof" 26 33 37 36 157 149 146 155 74 67 71 74 72 74 34 33 34 39 35 111 46 39 38 66 38 22
"E2F/DP" 9 7 8 8 28 31 31 30 16 16 16 15 14 14 8 8 8 7 9 23 8 15 16 15 9 7
"EIL" 3 7 6 6 23 29 27 26 17 15 12 13 13 13 6 6 5 6 6 18 6 7 7 15 7 2
"ERF" 94 107 130 122 426 500 492 497 243 252 247 253 214 242 123 122 112 123 125 361 115 69 75 225 124 80
"FAR1" 8 14 21 17 8 43 43 37 26 24 20 18 20 24 17 15 17 17 19 53 19 27 21 6 19 18
"G2-like" 38 44 52 43 153 177 177 182 87 86 88 88 84 79 47 47 45 42 48 136 40 78 81 75 49 40
"GATA" 9 25 29 30 114 123 123 125 62 56 55 62 60 60 32 30 28 28 30 92 30 55 59 56 30 19
"GeBP" 30 13 22 22 42 43 40 40 21 21 22 24 21 19 20 20 18 15 23 43 14 10 8 20 25 1
"GRAS" 23 32 39 34 108 104 102 94 58 57 56 56 53 47 40 38 33 36 34 129 36 19 13 51 35 43
"GRF" 10 8 9 9 26 32 34 30 16 17 16 16 15 16 9 8 8 9 9 24 9 18 16 17 9 8
"HB-other" 5 9 8 7 17 22 21 14 13 14 8 15 8 9 7 9 7 7 7 28 6 8 13 14 7 7
"HB-PHD" NA 2 2 2 6 7 7 8 3 3 4 5 4 4 2 2 2 2 2 6 2 4 4 3 2 2
"HD-ZIP" 42 44 45 48 159 194 201 191 94 92 99 95 93 89 52 49 51 51 51 148 49 92 99 95 51 33
"HRT-like" 2 3 2 2 6 6 6 7 3 3 1 3 4 3 3 3 2 2 2 6 2 3 3 3 2 1
"HSF" 20 16 33 24 97 111 106 98 61 45 54 48 54 46 30 31 31 28 30 106 29 44 48 45 23 19
"LBD" 22 34 43 43 139 145 144 146 70 65 75 75 66 73 47 45 40 37 46 129 58 51 48 69 38 44
"LFY" 1 1 1 1 4 4 4 4 2 2 2 2 2 2 1 1 1 1 1 3 1 2 2 2 1 1
"LSD" 1 4 3 3 11 11 11 12 5 4 7 7 5 5 3 3 3 3 3 9 4 6 6 5 4 3
"M-type" 20 47 39 67 138 163 161 160 101 79 89 85 75 71 59 55 34 68 82 266 84 28 27 107 50 18
"MIKC" 26 26 40 42 150 184 184 167 81 80 83 84 71 85 36 37 39 35 39 104 36 81 83 78 41 36
"MYB" 94 123 142 143 433 511 514 485 260 248 266 263 247 249 146 141 136 136 152 396 135 241 237 241 133 138
"MYB-related" 53 61 66 62 221 235 232 254 119 116 112 117 110 120 64 64 73 73 65 225 60 108 111 110 66 57
"NAC" 82 87 123 114 384 453 450 426 224 213 217 226 214 194 128 122 104 106 114 341 117 191 192 201 91 71
"NF-X1" 1 2 3 2 5 7 7 10 3 3 4 4 4 4 3 3 3 3 3 6 3 3 2 3 2 3
"NF-YA" 2 7 12 10 41 37 35 36 20 19 19 21 19 18 9 9 9 10 9 30 9 20 21 17 10 7
"NF-YB" 6 13 16 13 58 52 55 48 28 27 25 28 22 25 13 13 13 14 13 43 13 19 13 19 14 17
"NF-YC" 10 8 15 14 25 28 27 26 13 15 15 15 13 13 14 15 11 13 14 34 13 9 10 12 12 8
"Nin-like" 7 14 17 15 49 57 53 57 26 27 27 26 28 24 14 15 16 17 16 52 16 26 26 25 14 8
"NZZ/SPL" 1 1 1 1 4 6 4 4 2 2 2 2 2 2 1 1 1 1 1 3 1 2 2 2 1 1
"RAV" 6 5 6 6 29 28 28 23 12 13 14 14 14 14 6 6 3 6 5 23 8 3 1 12 6 1
"S1Fa-like" 3 3 3 3 5 11 11 12 5 4 5 3 4 6 3 3 3 3 3 7 3 5 5 5 3 2
"SAP" 1 1 1 1 2 2 2 2 2 1 1 1 1 1 1 1 1 1 1 3 1 2 1 2 1 1
"SBP" 12 15 16 17 57 61 59 61 31 30 34 33 29 28 17 17 14 16 16 51 16 31 30 28 13 19
"SRS" 6 12 10 11 32 35 35 38 18 17 20 21 17 17 10 9 10 9 9 28 9 17 15 18 10 5
"STAT" 1 2 3 2 2 2 2 2 1 1 1 1 NA 1 2 2 2 2 2 6 2 1 1 1 2 1
"TALE" 12 17 21 21 66 73 70 70 37 37 37 38 34 34 21 21 20 20 21 56 20 37 36 29 21 21
"TCP" 12 23 25 24 79 78 79 81 39 39 39 42 39 36 25 24 24 24 23 74 24 16 14 34 23 15
"Trihelix" 31 29 31 29 99 103 101 108 51 50 56 55 55 51 31 31 28 30 31 93 26 39 39 46 30 26
"VOZ" NA 2 3 2 6 8 8 8 4 4 4 4 4 4 2 1 2 2 2 6 2 4 3 4 2 2
"Whirly" 3 2 4 3 6 8 8 8 5 4 3 4 3 3 3 3 3 3 3 9 2 5 3 3 3 2
"WOX" 11 12 16 16 54 60 59 56 32 28 29 31 28 27 20 16 15 16 15 44 16 28 28 26 14 11
"WRKY" 58 76 79 72 281 302 298 295 163 143 143 153 148 141 75 76 69 71 72 212 66 153 149 141 69 59
"YABBY" 5 6 6 6 16 23 22 22 12 12 11 11 10 11 6 6 6 6 6 18 6 11 10 11 7 7
"ZF-HD" 9 16 18 17 64 64 64 62 33 33 30 34 30 31 18 18 15 16 18 56 16 2 2 27 17 10
